 1.00000000e+00 1.00000000e+00 1.01000000e+02
 2.00000000e+00 1.00000000e+00 7.20000000e+01
 3.00000000e+00 1.00000000e+00 1.97000000e+02
 1.00000000e+00 1.00000000e+00 1.26000000e+02
 3.00000000e+00 1.00000000e+00 9.10000000e+01
 3.00000000e+00 1.00000000e+00 5.50000000e+01
 1.00000000e+00 1.00000000e+00 1.02000000e+02
 1.00000000e+00 1.00000000e+00 1.88000000e+02
 1.00000000e+00 1.00000000e+00 7.10000000e+01
 3.00000000e+00 1.00000000e+00 7.10000000e+01
 1.00000000e+00 1.00000000e+00 6.60000000e+01
 1.00000000e+00 1.00000000e+00 1.00000000e+02
 3.00000000e+00 1.00000000e+00 7.50000000e+01
 2.00000000e+00 1.00000000e+00 8.80000000e+01
 1.00000000e+00 1.00000000e+00 5.10000000e+01
 3.00000000e+00 1.00000000e+00 4.00000000e+01
 3.00000000e+00 1.00000000e+00 8.10000000e+01
 3.00000000e+00 1.00000000e+00 1.03000000e+02
 2.00000000e+00 1.00000000e+00 8.20000000e+01
 2.00000000e+00 1.00000000e+00 4.60000000e+01
 3.00000000e+00 1.00000000e+00 1.05000000e+02
 3.00000000e+00 1.00000000e+00 9.50000000e+01
 3.00000000e+00 1.00000000e+00 3.80000000e+01
 3.00000000e+00 1.00000000e+00 1.50000000e+02
 3.00000000e+00 1.00000000e+00 5.90000000e+01
 1.00000000e+00 1.00000000e+00 2.08000000e+02
 1.00000000e+00 1.00000000e+00 6.80000000e+01
 2.00000000e+00 1.00000000e+00 7.90000000e+01
 1.00000000e+00 1.00000000e+00 9.20000000e+01
 3.00000000e+00 1.00000000e+00 9.40000000e+01
 2.00000000e+00 1.00000000e+00 9.40000000e+01
 1.00000000e+00 1.00000000e+00 8.60000000e+01
 2.00000000e+00 1.00000000e+00 5.10000000e+01
 2.00000000e+00 1.00000000e+00 9.20000000e+01
 3.00000000e+00 1.00000000e+00 1.11000000e+02
 3.00000000e+00 1.00000000e+00 9.10000000e+01
 1.00000000e+00 1.00000000e+00 9.90000000e+01
