 1.00000000e+00 1.00000000e+00 4.90000000e+01
 3.00000000e+00 1.00000000e+00 5.50000000e+01
 1.00000000e+00 1.00000000e+00 2.10000000e+01
 3.00000000e+00 1.00000000e+00 2.60000000e+01
 1.00000000e+00 1.00000000e+00 3.60000000e+01
 3.00000000e+00 1.00000000e+00 2.10000000e+01
 2.00000000e+00 1.00000000e+00 3.60000000e+01
 2.00000000e+00 1.00000000e+00 3.00000000e+01
 3.00000000e+00 1.00000000e+00 3.10000000e+01
 1.00000000e+00 1.00000000e+00 2.80000000e+01
 3.00000000e+00 1.00000000e+00 3.80000000e+01
 1.00000000e+00 1.00000000e+00 4.20000000e+01
 2.00000000e+00 1.00000000e+00 3.60000000e+01
 1.00000000e+00 1.00000000e+00 4.50000000e+01
 3.00000000e+00 1.00000000e+00 2.80000000e+01
 3.00000000e+00 1.00000000e+00 3.60000000e+01
 1.00000000e+00 1.00000000e+00 3.50000000e+01
 2.00000000e+00 1.00000000e+00 3.90000000e+01
 1.00000000e+00 1.00000000e+00 5.20000000e+01
 2.00000000e+00 1.00000000e+00 5.40000000e+01
 1.00000000e+00 1.00000000e+00 3.20000000e+01
 2.00000000e+00 1.00000000e+00 3.30000000e+01
 1.00000000e+00 1.00000000e+00 3.60000000e+01
 3.00000000e+00 1.00000000e+00 4.20000000e+01
 3.00000000e+00 1.00000000e+00 3.60000000e+01
 1.00000000e+00 1.00000000e+00 3.20000000e+01
 1.00000000e+00 1.00000000e+00 3.40000000e+01
 1.00000000e+00 1.00000000e+00 2.60000000e+01
