 3.00000000e+00 1.00000000e+00 6.30000000e+01
 2.00000000e+00 1.00000000e+00 6.50000000e+01
 3.00000000e+00 1.00000000e+00 6.20000000e+01
 2.00000000e+00 1.00000000e+00 7.00000000e+01
 1.00000000e+00 1.00000000e+00 6.90000000e+01
 3.00000000e+00 1.00000000e+00 5.80000000e+01
 1.00000000e+00 1.00000000e+00 6.00000000e+01
 2.00000000e+00 1.00000000e+00 7.10000000e+01
 1.00000000e+00 1.00000000e+00 7.50000000e+01
 3.00000000e+00 1.00000000e+00 5.70000000e+01
 3.00000000e+00 1.00000000e+00 4.70000000e+01
 2.00000000e+00 1.00000000e+00 8.40000000e+01
 3.00000000e+00 1.00000000e+00 8.60000000e+01
 1.00000000e+00 1.00000000e+00 4.80000000e+01
 3.00000000e+00 1.00000000e+00 8.50000000e+01
 3.00000000e+00 1.00000000e+00 6.10000000e+01
 3.00000000e+00 1.00000000e+00 6.90000000e+01
 3.00000000e+00 1.00000000e+00 6.70000000e+01
 1.00000000e+00 1.00000000e+00 5.70000000e+01
 3.00000000e+00 1.00000000e+00 6.40000000e+01
 3.00000000e+00 1.00000000e+00 6.40000000e+01
 2.00000000e+00 1.00000000e+00 5.40000000e+01
 3.00000000e+00 1.00000000e+00 5.30000000e+01
 1.00000000e+00 1.00000000e+00 6.80000000e+01
 1.00000000e+00 1.00000000e+00 5.70000000e+01
 2.00000000e+00 1.00000000e+00 5.00000000e+01
 3.00000000e+00 1.00000000e+00 8.10000000e+01
 1.00000000e+00 1.00000000e+00 6.40000000e+01
 2.00000000e+00 1.00000000e+00 6.10000000e+01
 2.00000000e+00 1.00000000e+00 5.80000000e+01
 3.00000000e+00 1.00000000e+00 6.80000000e+01
 2.00000000e+00 1.00000000e+00 6.10000000e+01
 3.00000000e+00 1.00000000e+00 6.00000000e+01
 1.00000000e+00 1.00000000e+00 6.50000000e+01
