 3.00000000e+00 1.00000000e+00 8.90000000e+01
 3.00000000e+00 1.00000000e+00 6.30000000e+01
 1.00000000e+00 1.00000000e+00 7.60000000e+01
 3.00000000e+00 1.00000000e+00 1.63000000e+02
 3.00000000e+00 1.00000000e+00 4.70000000e+01
 1.00000000e+00 1.00000000e+00 6.80000000e+01
 2.00000000e+00 1.00000000e+00 9.80000000e+01
 1.00000000e+00 1.00000000e+00 6.80000000e+01
 1.00000000e+00 1.00000000e+00 8.50000000e+01
 1.00000000e+00 1.00000000e+00 8.20000000e+01
 1.00000000e+00 1.00000000e+00 6.60000000e+01
 1.00000000e+00 1.00000000e+00 9.20000000e+01
 3.00000000e+00 1.00000000e+00 4.90000000e+01
 3.00000000e+00 1.00000000e+00 6.20000000e+01
 3.00000000e+00 1.00000000e+00 7.40000000e+01
 2.00000000e+00 1.00000000e+00 5.60000000e+01
 2.00000000e+00 1.00000000e+00 1.19000000e+02
 2.00000000e+00 1.00000000e+00 1.03000000e+02
 3.00000000e+00 1.00000000e+00 4.00000000e+01
 1.00000000e+00 1.00000000e+00 8.70000000e+01
 2.00000000e+00 1.00000000e+00 7.00000000e+01
 1.00000000e+00 1.00000000e+00 1.09000000e+02
 1.00000000e+00 1.00000000e+00 9.20000000e+01
 2.00000000e+00 1.00000000e+00 7.70000000e+01
 2.00000000e+00 1.00000000e+00 4.00000000e+01
 2.00000000e+00 1.00000000e+00 3.50000000e+01
 2.00000000e+00 1.00000000e+00 5.90000000e+01
 2.00000000e+00 1.00000000e+00 4.20000000e+01
 2.00000000e+00 1.00000000e+00 5.00000000e+01
