 3.00000000e+00 1.00000000e+00 3.10000000e+01
 3.00000000e+00 1.00000000e+00 6.50000000e+01
 3.00000000e+00 1.00000000e+00 6.40000000e+01
 1.00000000e+00 1.00000000e+00 5.40000000e+01
 3.00000000e+00 1.00000000e+00 6.80000000e+01
 2.00000000e+00 1.00000000e+00 5.00000000e+01
 3.00000000e+00 1.00000000e+00 3.00000000e+01
 1.00000000e+00 1.00000000e+00 4.40000000e+01
 2.00000000e+00 1.00000000e+00 4.10000000e+01
 3.00000000e+00 1.00000000e+00 3.90000000e+01
 1.00000000e+00 1.00000000e+00 5.90000000e+01
 1.00000000e+00 1.00000000e+00 3.80000000e+01
 1.00000000e+00 1.00000000e+00 3.10000000e+01
 2.00000000e+00 1.00000000e+00 3.60000000e+01
 1.00000000e+00 1.00000000e+00 5.00000000e+01
 1.00000000e+00 1.00000000e+00 5.20000000e+01
 3.00000000e+00 1.00000000e+00 3.50000000e+01
 1.00000000e+00 1.00000000e+00 6.70000000e+01
 1.00000000e+00 1.00000000e+00 6.30000000e+01
 2.00000000e+00 1.00000000e+00 6.20000000e+01
 1.00000000e+00 1.00000000e+00 3.50000000e+01
 2.00000000e+00 1.00000000e+00 3.30000000e+01
 1.00000000e+00 1.00000000e+00 3.40000000e+01
 2.00000000e+00 1.00000000e+00 3.10000000e+01
 1.00000000e+00 1.00000000e+00 4.50000000e+01
 2.00000000e+00 1.00000000e+00 3.30000000e+01
 3.00000000e+00 1.00000000e+00 3.50000000e+01
 3.00000000e+00 1.00000000e+00 2.90000000e+01
 2.00000000e+00 1.00000000e+00 4.50000000e+01
 2.00000000e+00 1.00000000e+00 4.30000000e+01
 3.00000000e+00 1.00000000e+00 6.00000000e+01
 3.00000000e+00 1.00000000e+00 6.50000000e+01
